
Date

Price

Open

High

Low

Vol.

Change %
Jul 05, 2024	52,660.35	52,560.10	52,817.85	52,290.05	199.57M	-0.83%
Jul 08, 2024	52,425.80	52,533.10	52,710.80	52,246.70	158.00M	-0.45%
Jul 09, 2024	52,568.80	52,390.50	52,626.60	52,292.95	145.06M	+0.27%
Jul 10, 2024	52,189.30	52,528.80	52,528.80	52,075.40	228.02M	-0.72%
Jul 11, 2024	52,270.65	52,316.90	52,400.30	51,749.45	138.31M	+0.16%
Jul 12, 2024	52,278.90	52,272.65	52,794.55	52,171.15	170.98M	+0.02%
Jul 15, 2024	52,455.90	52,330.05	52,662.25	52,154.00	186.15M	+0.34%
Jul 16, 2024	52,396.80	52,466.70	52,619.05	52,331.60	158.80M	-0.11%
Jul 18, 2024	52,620.70	52,215.05	52,782.75	52,168.65	139.45M	+0.43%
Jul 19, 2024	52,265.60	52,531.55	52,586.75	52,146.30	134.14M	-0.67%
Jul 22, 2024	52,280.40	52,145.60	52,427.00	51,874.55	175.25M	+0.03%
Jul 23, 2024	51,778.30	52,511.00	52,547.55	51,342.65	207.78M	-0.96%
Jul 24, 2024	51,317.00	51,657.65	51,944.65	50,784.25	292.24M	-0.89%
Jul 25, 2024	50,888.75	50,762.30	51,006.10	50,559.90	188.41M	-0.83%
Jul 26, 2024	51,295.95	50,456.10	51,398.60	50,438.30	215.68M	+0.80%
Jul 29, 2024	51,406.25	51,546.65	52,340.25	51,186.95	513.70M	+0.22%
Jul 30, 2024	51,499.30	51,383.90	51,957.75	51,260.05	235.23M	+0.18%
Jul 31, 2024	51,553.40	51,583.45	51,663.10	51,335.70	219.03M	+0.11%
Aug 01, 2024	51,564.00	51,672.60	51,877.15	51,456.20	156.35M	+0.02%
Aug 02, 2024	51,350.15	51,172.25	51,608.70	51,087.85	162.98M	-0.41%
Aug 05, 2024	50,092.10	50,586.25	50,747.55	49,719.10	257.77M	-2.45%
Aug 06, 2024	49,748.30	50,436.90	50,688.80	49,659.05	162.84M	-0.69%
Aug 07, 2024	50,119.00	50,286.20	50,292.45	49,782.20	170.99M	+0.75%
Aug 08, 2024	50,156.70	50,051.90	50,440.75	49,829.60	124.82M	+0.08%
Aug 09, 2024	50,484.50	50,612.10	50,707.75	50,386.45	120.15M	+0.65%
Aug 12, 2024	50,577.95	50,412.60	50,830.70	50,149.25	163.54M	+0.19%
Aug 13, 2024	49,831.85	50,395.35	50,559.25	49,785.10	148.94M	-1.48%
Aug 14, 2024	49,727.30	49,887.15	49,959.25	49,654.65	137.13M	-0.21%
Aug 16, 2024	50,516.90	50,133.00	50,603.40	49,806.05	130.69M	+1.59%
Aug 19, 2024	50,368.35	50,683.55	50,728.25	50,283.55	115.32M	-0.29%
Aug 20, 2024	50,803.15	50,417.25	51,025.60	50,398.60	144.16M	+0.86%
Aug 21, 2024	50,685.55	50,666.65	50,772.45	50,333.35	180.80M	-0.23%
Aug 22, 2024	50,985.70	50,894.80	51,080.00	50,794.45	133.06M	+0.59%
Aug 23, 2024	50,933.45	51,040.05	51,117.85	50,856.70	88.48M	-0.10%
Aug 26, 2024	51,148.10	51,100.65	51,317.85	51,061.55	100.32M	+0.42%
Aug 27, 2024	51,278.75	51,214.05	51,404.70	50,938.10	111.42M	+0.26%
Aug 28, 2024	51,143.85	51,208.95	51,260.75	51,033.70	128.09M	-0.26%
Aug 29, 2024	51,152.75	51,103.75	51,368.95	50,984.40	143.63M	+0.02%
Aug 30, 2024	51,351.00	51,437.45	51,466.55	51,256.00	478.57M	+0.39%
Highest:
51,750.10
Change %:
0.21
Average:
51,496.56
Difference:
510.05
Lowest:
51,240.05
