5, 2024	51,414.70	51,568.20	51,606.50	51,402.80	41.30M	+0.03%
Sep 04, 2024	51,400.25	51,361.25	51,464.35	51,261.35	159.70M	-0.56%
Sep 03, 2024	51,689.10	51,479.75	51,750.10	51,240.05	127.20M	+0.49%
Sep 02, 2024	51,439.55	51,579.50	51,579.50	51,295.80	150.15M	+0.17%
Aug 30, 2024	51,351.00	51,437.45	51,466.55	51,256.00	478.57M	+0.39%
Aug 29, 2024	51,152.75	51,103.75	51,368.95	50,984.40	143.63M	+0.02%
Aug 28, 2024	51,143.85	51,208.95	51,260.75	51,033.70	128.09M	-0.26%
Aug 27, 2024	51,278.75	51,214.05	51,404.70	50,938.10	111.42M	+0.26%
Aug 26, 2024	51,148.10	51,100.65	51,317.85	51,061.55	100.32M	+0.42%
Aug 23, 2024	50,933.45	51,040.05	51,117.85	50,856.70	88.48M	-0.10%
Aug 22, 2024	50,985.70	50,894.80	51,080.00	50,794.45	133.06M	+0.59%
Aug 21, 2024	50,685.55	50,666.65	50,772.45	50,333.35	180.80M	-0.23%
Aug 20, 2024	50,803.15	50,417.25	51,025.60	50,398.60	144.16M	+0.86%
Aug 19, 2024	50,368.35	50,683.55	50,728.25	50,283.55	115.32M	-0.29%
Aug 16, 2024	50,516.90	50,133.00	50,603.40	49,806.05	130.69M	+1.59%
Aug 14, 2024	49,727.30	49,887.15	49,959.25	49,654.65	137.13M	-0.21%
Aug 13, 2024	49,831.85	50,395.35	50,559.25	49,785.10	148.94M	-1.48%
Aug 12, 2024	50,577.95	50,412.60	50,830.70	50,149.25	163.54M	+0.19%
Aug 09, 2024	50,484.50	50,612.10	50,707.75	50,386.45	120.15M	+0.65%
Aug 08, 2024	50,156.70	50,051.90	50,440.75	49,829.60	124.82M	+0.08%
Aug 07, 2024	50,119.00	50,286.20	50,292.45	49,782.20	170.99M	+0.75%
Aug 06, 2024	49,748.30	50,436.90	50,688.80	49,659.05	162.84M	-0.69%
Aug 05, 2024	50,092.10	50,586.25	50,747.55	49,719.10	257.77M	-2.45%
Highest:
51,750.10
Change %:
0.13
Average:
50,741.25
Difference:
2,095.45
Lowest:
49,654.65
Trade With A Regulated Broker







